1, 29, 75, 81, 88, 103, 139, 176, 212, 245, 258, 271, 322, 
2, 4, 6, 8, 13, 17, 18, 27, 35, 36, 45, 52, 53, 57, 61, 64, 65, 66, 68, 69, 73, 80, 87, 94, 100, 106, 107, 110, 134, 151, 154, 164, 168, 178, 180, 188, 200, 203, 204, 205, 209, 217, 237, 250, 268, 270, 274, 278, 284, 287, 296, 304, 310, 314, 
7, 24, 28, 43, 44, 48, 59, 62, 76, 92, 95, 99, 108, 115, 119, 127, 131, 132, 141, 143, 160, 165, 167, 179, 185, 187, 189, 192, 198, 210, 213, 215, 222, 224, 280, 282, 286, 312, 313, 319, 
46, 47, 122, 186, 234, 252, 259, 266, 267, 306, 309, 
33, 55, 89, 112, 137, 148, 171, 183, 211, 223, 229, 253, 269, 275, 308, 317, 321, 
10, 21, 40, 77, 83, 109, 121, 133, 150, 227, 230, 251, 301, 
11, 34, 37, 39, 50, 72, 74, 117, 128, 135, 145, 157, 194, 206, 246, 255, 315, 320, 
14, 16, 25, 30, 31, 32, 58, 60, 70, 82, 84, 85, 93, 96, 97, 98, 102, 111, 114, 116, 120, 123, 129, 142, 146, 147, 149, 158, 166, 169, 170, 172, 177, 181, 191, 197, 202, 219, 221, 225, 238, 240, 262, 263, 272, 277, 283, 285, 291, 292, 293, 294, 305, 318, 
54, 56, 86, 90, 113, 124, 125, 126, 140, 153, 228, 231, 235, 243, 298, 
174, 311, 
9, 22, 41, 49, 51, 91, 101, 138, 161, 173, 208, 236, 248, 256, 265, 276, 307, 
20, 38, 79, 155, 242, 261, 
15, 19, 42, 105, 118, 159, 162, 201, 241, 244, 247, 254, 257, 279, 281, 288, 290, 323, 
0, 3, 5, 12, 23, 26, 63, 67, 71, 78, 104, 130, 136, 144, 152, 156, 163, 175, 182, 184, 190, 193, 195, 196, 199, 207, 214, 216, 218, 220, 226, 232, 233, 239, 249, 260, 264, 273, 289, 295, 297, 299, 300, 302, 303, 316, 
